5000 1000
50 150
96 56
200 86
6 39
242 16
110 57
78 20
249 63
94 80
2 32
97 52
230 99
57 39
52 92
32 14
220 52
28 87
42 43
186 56
50 59
131 62
85 75
114 39
94 57
172 74
3 32
150 54
101 24
101 37
193 67
165 47
32 4
60 53
223 34
90 83
205 43
191 70
66 37
113 6
77 73
126 56
157 11
147 89
115 69
47 14
66 27
182 86
7 30
217 89
249 39
250 16
234 23
130 69
167 44
162 29
175 91
198 42
220 48
133 82
106 90
250 4
242 91
46 69
96 18
21 68
237 39
203 26
96 83
6 29
221 97
64 42
29 47
154 28
187 25
116 87
119 98
219 17
105 45
130 64
123 16
58 44
77 18
181 18
120 58
209 37
123 1
86 75
165 29
150 59
93 28
91 22
37 90
244 44
22 47
95 29
53 19
247 44
218 28
154 86
27 73
212 86
5 67
193 55
1 44
117 51
35 10
1 99
167 83
194 86
175 54
249 22
26 12
104 44
117 24
36 24
213 4
85 18
58 70
105 67
132 85
123 66
61 31
216 88
244 46
93 22
250 66
149 59
71 67
194 97
218 4
211 84
195 15
215 16
212 25
201 26
23 68
68 50
64 19
130 59
87 70
225 76
188 47
33 18
91 72
236 2
24 26
7 48
168 89
89 44
208 85
95 40
32 61
166 54
141 38
28 72
211 98
242 85
242 100
141 41
164 7
224 99
63 91
222 26
197 96
5 79
24 2
99 14
188 47
213 79
233 19
215 85
20 57
128 59
152 31
143 27
25 67
6 45
120 3
135 89
7 22
169 36
161 100
9 14
166 36
105 63
235 3
161 16
75 64
235 93
199 82
175 41
32 2
44 3
21 97
206 2
229 80
8 15
200 74
69 67
25 86
88 65
119 30
103 12
43 23
193 88
189 98
89 73
184 14
82 49
97 51
110 60
118 30
157 25
190 22
239 26
220 10
240 82
130 8
155 14
51 86
250 94
203 95
185 9
173 28
247 8
223 43
9 51
122 20
228 84
206 74
159 45
145 76
185 92
234 53
237 25
82 64
4 2
77 56
229 97
62 52
231 11
28 54
242 92
60 53
20 27
114 35
222 31
50 68
166 18
226 12
163 9
25 51
100 16
206 71
222 12
38 81
58 70
167 36
133 93
107 50
75 95
71 45
34 60
94 57
23 92
138 6
249 58
197 29
48 21
225 30
110 90
230 65
120 73
68 9
223 64
184 19
71 78
205 79
98 65
75 4
164 27
43 92
205 93
250 31
176 76
42 94
22 63
141 38
105 89
218 64
212 37
14 20
36 7
205 51
223 41
216 54
57 46
58 27
47 97
47 81
187 79
59 35
162 2
108 29
70 68
114 31
75 84
164 93
125 53
173 63
111 28
141 17
224 66
250 89
63 4
148 74
65 36
65 83
59 68
45 73
44 54
90 62
183 16
130 3
79 53
224 74
13 68
195 39
30 63
235 24
112 51
242 75
128 21
198 81
5 76
89 59
47 50
71 67
204 80
83 81
210 94
23 59
76 25
215 63
83 19
40 58
19 100
155 48
138 43
182 26
23 13
55 7
163 63
74 44
58 78
188 90
130 6
84 36
76 8
250 56
125 80
85 30
109 57
168 52
212 60
33 29
124 35
130 96
56 19
136 30
133 11
18 87
244 7
180 70
238 19
163 43
32 84
49 13
120 85
183 71
86 14
47 36
54 29
180 63
49 25
165 76
106 12
129 83
119 95
180 92
80 27
72 40
35 42
225 59
98 52
52 15
134 59
133 71
63 81
35 99
48 69
20 63
124 11
184 83
170 52
212 82
84 5
2 82
2 18
183 23
75 54
88 81
99 69
192 63
136 10
186 89
115 91
231 90
69 42
76 15
200 72
235 90
239 51
176 34
134 92
37 5
50 55
248 92
42 31
220 84
247 100
32 9
127 11
51 55
95 99
127 62
80 69
36 38
1 67
189 47
41 60
214 43
28 19
183 29
198 13
244 45
102 35
206 22
120 97
61 2
38 12
52 100
105 70
143 90
97 51
137 34
181 98
219 14
231 6
223 95
132 2
115 94
200 96
195 84
246 69
137 80
23 7
28 94
150 83
201 55
224 69
8 94
117 98
85 41
189 44
127 84
71 100
233 29
202 65
237 76
244 95
3 13
181 14
161 68
234 36
129 76
101 52
219 20
49 4
154 14
96 94
79 16
36 54
39 79
80 87
230 34
8 23
142 64
110 56
217 38
223 37
159 43
162 28
131 28
29 41
66 37
185 78
196 33
240 32
73 19
2 11
215 53
247 54
98 38
126 57
159 70
107 6
85 45
97 61
17 89
210 79
57 83
160 21
17 100
232 15
98 63
180 11
195 50
115 66
243 46
85 9
126 31
242 19
210 20
66 43
93 35
189 7
101 36
11 80
32 75
162 33
27 31
4 32
120 69
60 56
229 41
42 100
187 3
107 96
219 76
248 34
25 19
75 66
24 83
145 77
138 74
50 63
246 88
157 51
83 40
171 5
17 51
95 18
87 31
49 74
39 29
40 26
101 53
165 6
194 89
7 66
179 1
90 69
240 70
38 43
103 90
174 7
131 75
56 51
232 14
2 71
175 1
131 11
89 40
114 65
39 25
67 34
178 83
23 28
54 84
53 79
182 97
128 4
140 53
190 19
10 44
70 56
195 23
123 45
128 3
14 82
169 46
217 85
113 90
226 98
160 66
96 32
12 47
114 40
4 90
71 99
219 6
57 29
226 22
22 67
10 98
34 35
229 90
191 88
65 82
47 86
231 72
37 11
158 31
170 72
184 46
48 65
245 73
23 83
184 33
1 43
133 41
157 71
30 44
8 80
239 50
163 76
20 11
103 99
27 57
233 21
59 60
128 38
78 66
179 16
98 41
153 28
243 86
17 23
109 16
36 76
47 56
112 51
91 45
163 63
98 63
152 35
110 48
49 70
210 87
142 41
56 69
48 78
108 88
158 54
158 61
210 25
115 1
57 77
73 92
95 16
124 83
221 87
187 38
152 48
209 99
208 54
52 84
138 88
177 63
89 46
203 85
235 58
94 50
159 50
58 79
126 37
93 19
142 41
9 78
48 4
38 34
66 10
181 80
173 62
228 63
228 7
157 7
132 77
120 30
204 55
146 17
239 87
211 73
31 80
168 96
201 80
220 52
117 26
142 56
158 13
181 4
151 70
56 99
20 54
64 4
192 100
150 36
16 29
205 75
215 49
140 68
44 49
13 50
227 70
39 64
215 25
35 3
170 91
248 78
7 74
18 66
34 84
180 79
84 36
23 59
200 83
220 54
163 70
143 54
118 69
42 40
225 57
220 6
236 81
26 78
29 61
128 79
104 64
1 70
112 20
131 20
135 7
126 98
135 33
72 89
227 43
226 100
147 42
187 94
229 44
16 48
124 10
225 30
148 87
1 17
64 68
216 90
149 5
142 88
115 6
51 83
203 1
39 76
236 19
126 11
208 78
195 88
49 62
143 49
130 58
148 44
3 73
200 61
247 12
207 33
36 98
15 25
71 11
9 84
56 37
227 38
194 28
163 11
179 92
238 23
189 5
51 91
248 70
26 97
181 28
114 87
194 25
188 5
49 60
55 84
201 52
151 49
101 9
172 15
199 89
65 8
143 47
206 10
199 68
108 22
45 75
8 88
111 74
30 45
56 65
215 92
129 23
62 22
58 51
61 78
35 77
203 60
7 92
175 74
32 50
92 96
217 62
186 22
191 78
201 99
183 29
146 68
54 22
109 32
66 78
20 94
211 91
216 31
168 77
193 1
40 37
149 43
143 92
35 59
94 40
151 21
186 49
92 57
238 91
216 82
109 3
144 41
82 39
154 10
15 90
64 24
22 60
167 19
41 58
58 49
46 5
47 62
32 13
199 49
38 15
3 50
100 66
133 77
9 34
71 79
76 14
244 32
72 92
20 80
19 43
146 94
82 56
62 74
63 60
236 54
89 85
115 71
92 94
17 12
185 68
239 55
43 54
44 51
115 77
121 15
111 21
44 9
107 99
99 39
173 69
22 64
126 17
41 14
59 22
53 18
215 44
84 11
201 22
152 6
91 26
201 17
201 13
200 29
108 63
9 27
207 51
24 13
75 30
159 97
5 50
241 32
73 3
9 52
37 69
243 78
228 59
167 62
114 59
140 43
127 2
127 48
177 62
208 75
94 50
217 15
187 92
6 24
42 56
196 18
59 61
209 60
192 90
123 45
13 11
9 68
46 8
167 88
161 33
161 26
123 70
131 70
107 29
160 68
82 58
186 51
136 18
83 42
136 91
179 47
38 90
238 72
172 2
230 16
50 41
115 6
28 77
133 16
62 16
18 31
64 55
125 80
161 31
155 50
163 25
29 91
142 52
8 96
241 88
236 85
45 29
128 23
125 13
147 88
141 78
115 48
71 15
239 82
90 69
179 71
48 13
218 20
88 60
224 70
150 65
25 25
89 54
190 81
155 10
162 1
32 87
26 89
97 99
199 79
228 7
166 28
213 70
217 60
185 23
77 63
240 22
24 57
6 44
63 53
39 93
57 89
181 18
237 53
83 27
205 13
100 26
112 75
78 28
62 18
33 52
208 8
31 6
28 10
132 66
226 73
88 77
44 99
97 19
62 40
128 70
149 74
80 81
35 31
185 17
177 82
48 68
246 71
222 86
241 99
113 65
200 47
132 36
241 63
117 15
17 14
28 29
6 100
140 37
134 48
26 19
124 92
224 30
109 81
206 90
161 19
173 24
205 73
72 95
136 25
106 6
82 71
8 59
124 46
225 98
169 78
18 42
13 100
97 75
165 3
37 1
214 84
66 32
197 21
92 8
68 81
7 27
49 75
183 73
199 80
126 7
78 37
8 19
145 42
215 11
36 32
198 64
156 21
88 56
171 21
219 55
212 75
40 59
120 86
187 10
50 89
198 49
92 6
36 38
157 6
240 21
97 27
97 42
134 38
131 1
57 7
206 36
184 67
237 21
75 100
224 63
168 39
88 51
159 67
56 46
73 56
108 61
193 18
93 60
145 95
117 79
71 74
7 73
130 65
229 74
128 10
17 84
77 49
6 78
248 33
216 12
233 76
71 29
190 28
217 97
77 68
27 9
132 86
179 53
156 62
135 18
226 38
161 16
239 83
188 37
13 16
55 99
150 67
190 62
172 17
165 26
166 77
138 20
216 71
30 78
147 60
173 96
106 9
217 92
168 89
201 77
144 97
113 56
192 7
54 7
209 73
94 6
21 98
55 79
212 25
29 81
165 84
88 88
243 16
172 35
66 64
172 86
70 14
36 94
75 61
62 14
161 52
54 26
102 15
142 95
70 4
53 49
120 39
221 51
43 9
156 94
185 54
5 23
5 88
179 88
231 70
36 51
207 5
88 35
177 81
30 90
190 88
10 78
149 70
111 63
130 96
15 69
83 76
170 71
54 59
233 51
144 44
23 70
120 59
101 70
176 37
243 54
75 99
217 78
85 21
115 24
82 64
101 34
84 25
72 37
153 92
130 57
93 89
69 26
28 62
101 95
140 89
52 81
123 75
93 30
200 97
239 58
168 18
109 9
95 6
212 10
115 30
221 12
148 79
207 39
242 47
138 30
115 33
112 38
139 9
24 29
14 16
205 100
76 29
8 25
210 76
105 62
204 41
213 38
225 68
152 33
22 48
97 50
247 14
86 62
108 52
53 92
75 1
62 95
192 22
192 100
127 66
96 96
129 62
219 8
76 52
235 67
130 60
59 80
32 51
177 61
234 84
133 55
49 89
98 87
118 59
140 100
104 52
248 22
66 83
30 54
14 73
23 7
27 36
225 100
12 45
114 11
166 45
105 6
184 26
144 92
154 23
27 50
21 58
186 18
175 63
58 56
202 53
73 51
119 94
242 10
98 38
167 92
38 40
220 20
61 74
54 61
85 62
166 26
51 81
39 33
46 83
122 49
138 55
250 36
31 44
92 94
30 88
75 87
200 64
117 59
90 37
187 16
141 53
30 23
236 69
230 83
21 21
182 22
149 92
213 2
103 62
200 59
134 95
157 17
182 46
95 37
17 61
214 47
3 31
230 91
200 40
186 24
86 52
126 15
163 83
108 24
124 78
133 99
82 69
236 3
248 37
91 55
202 44
42 83
86 97
19 96
149 100
110 47
15 8
209 92
190 60
122 16
132 90
78 88
114 100
143 70
111 53
184 69
55 90
104 20
250 73
38 63
103 24
228 77
244 22
100 97
72 3
182 92
63 90
149 95
48 92
249 17
197 38
128 18
100 13
142 26
75 85
124 32
200 36
57 15
194 49
85 66
1 1
59 73
101 60
120 67
56 55
201 39
151 29
48 64
161 11
117 72
103 13
199 30
142 41
122 59
213 42
146 18
198 53
228 79
168 50
115 14
156 15
168 39
84 61
229 85
177 24
52 95
60 35
146 7
250 50
220 77
136 79
138 62
53 72
223 2
95 68
204 90
184 39
60 90
34 94
112 18
169 66
242 43
171 57
204 29
138 56
192 47
14 6
73 90
237 48
82 69
197 80
80 40
55 44
110 32
63 17
30 79
243 3
8 92
92 78
250 17
23 25
97 75
112 91
84 14
21 83
140 14
8 20
93 28
53 53
62 9
105 81
187 44
102 74
157 26
230 63
107 79
222 75
92 74
125 64
250 69
23 57
233 3
239 15
232 38
8 70
146 5
136 98
230 4
246 32
148 82
11 1
120 80
235 80
118 92
127 38
144 32
23 66
27 98
14 84
164 70
203 18
29 79
48 3
125 59
20 12
208 48
185 56
66 15
130 23
69 86
122 11
49 68
62 22
188 55
110 22
142 47
180 58
166 21
202 84
249 94
117 60
26 33
169 88
233 43
143 91
244 62
101 27
25 55
225 54
90 72
208 41
192 60
242 36
217 93
242 84
112 52
43 2
78 43
114 60
88 52
230 37
168 60
4 45
186 26
173 58
57 48
71 92
17 79
58 80
152 7
50 99
249 29
23 65
191 33
17 40
141 58
94 69
25 100
138 2
186 43
174 49
225 29
164 32
90 2
44 9
60 59
53 68
165 21
208 59
100 70
152 41
80 77
64 18
61 18
102 6
147 68
247 39
103 74
69 61
159 99
13 36
171 25
238 36
82 89
160 88
141 76
123 83
136 25
162 40
181 66
236 72
176 96
50 26
87 27
163 82
150 96
200 92
9 65
156 58
12 27
155 81
234 18
79 21
24 50
111 48
141 44
15 57
118 19
174 99
210 12
115 7
33 95
23 38
60 55
132 59
149 60
130 58
204 44
229 92
162 65
56 78
67 36
170 60
107 64
168 41
38 73
157 93
10 23
111 22
110 52
72 7
12 16
180 58
249 22
59 67
4 16
39 93
187 74
31 50
209 21
210 54
111 98
66 64
217 44
218 83
98 62
176 77
37 84
134 49
147 64
154 95
226 80
81 10
116 39
168 6
30 81
189 66
20 59
196 55
136 82
63 85
47 74
225 85
178 86
211 57
67 3
105 64
4 2
114 73
91 93
18 49
125 100
191 98
243 12
182 43
142 33
59 49
138 93
6 21
128 12
41 59
47 49
121 1
3 24
231 45
200 18
42 2
74 66
213 58
110 61
215 75
186 21
12 87
153 5
155 46
100 16
236 30
244 31
130 79
122 20
219 50
151 4
247 2
189 99
178 81
88 91
53 76
135 38
175 66
208 80
103 67
10 52
51 64
170 93
198 37
17 65
62 5
22 97
235 57
21 20
171 91
249 36
245 41
145 40
245 15
74 1
36 26
42 71
185 13
203 28
146 95
76 98
137 46
10 24
103 78
105 11
238 2
31 14
189 76
107 16
62 82
145 35
29 43
101 57
16 90
94 10
109 11
194 57
33 68
166 56
58 58
1 57
107 88
13 91
6 58
169 20
163 42
145 100
159 79
95 61
101 27
213 97
50 83
233 13
250 24
178 87
88 92
233 42
164 9
107 17
199 73
175 5
47 91
207 59
52 97
186 33
173 15
50 95
209 83
59 2
216 57
104 88
240 49
46 47
239 54
112 86
30 81
244 92
46 39
73 82
178 13
232 35
181 48
174 27
12 22
250 38
2 10
190 19
112 87
162 7
68 49
94 56
7 54
241 22
155 44
159 12
3 8
129 80
114 15
64 84
238 54
64 76
172 83
68 80
189 98
70 4
21 25
118 57
220 60
49 53
70 24
172 97
131 38
4 43
178 6
235 7
228 52
39 10
171 58
106 53
82 64
23 66
194 21
210 48
211 47
246 12
147 97
150 84
74 98
25 51
38 36
11 72
212 30
125 28
113 67
158 2
145 45
179 37
91 45
130 46
189 15
140 86
223 39
249 94
48 85
131 96
19 71
102 68
139 41
242 48
20 94
92 44
5 72
201 54
90 56
217 9
150 35
45 59
238 12
135 33
128 99
170 62
66 65
246 30
20 41
58 52
16 43
213 34
118 51
182 84
240 3
142 16
99 80
183 8
57 63
129 44
61 44
245 98
52 91
50 71
139 54
157 48
156 5
86 8
125 16
178 56
200 18
197 80
99 94
14 4
168 59
113 87
202 91
121 79
221 77
200 77
35 7
104 38
166 25
129 15
12 44
215 56
67 89
235 67
185 57
211 15
219 21
54 31
168 54
62 41
242 3
235 54
40 34
163 88
110 67
125 78
2 78
13 6
66 88
174 48
200 17
164 70
30 57
19 23
23 75
52 49
158 1
240 14
243 1
100 57
15 15
154 1
112 68
48 13
93 74
50 76
245 94
211 60
27 26
136 91
215 39
234 62
168 22
165 79
6 13
93 98
29 4
164 32
113 28
205 22
132 61
231 50
211 43
138 1
45 10
119 4
145 30
22 100
131 75
28 55
232 41
54 94
153 92
167 32
88 16
85 32
149 47
167 42
15 57
233 5
111 7
65 45
237 71
241 15
26 52
229 54
82 67
93 89
120 89
25 72
70 86
44 7
191 85
122 72
43 32
196 17
90 38
81 6
224 88
221 16
46 29
200 2
7 1
54 87
15 24
183 33
190 98
115 72
237 47
228 41
44 32
229 4
22 75
199 60
97 7
219 42
183 74
202 37
198 61
211 89
65 13
147 77
66 18
48 78
168 56
200 56
203 93
232 30
122 10
208 90
101 61
209 94
176 38
151 74
155 33
72 22
172 92
62 10
107 45
41 9
243 93
64 5
31 50
36 20
193 91
16 24
25 86
149 99
84 59
241 38
151 5
112 42
109 16
101 48
230 78
26 37
142 23
217 89
65 48
239 29
230 13
131 66
199 18
159 81
158 27
16 36
180 7
233 70
59 95
70 53
106 94
134 35
151 28
102 15
96 95
87 38
138 65
107 37
190 64
148 56
59 55
102 48
83 66
93 81
111 23
75 31
236 1
190 33
156 95
67 23
181 65
92 67
213 30
228 41
243 81
89 20
194 25
128 87
4 29
217 32
127 89
50 38
90 96
77 1
111 85
175 79
3 34
44 73
84 93
111 18
133 44
35 39
193 24
14 92
135 6
105 82
218 7
117 98
94 76
175 65
194 28
20 92
78 8
143 74
216 39
113 19
212 16
157 55
221 64
56 27
26 13
243 95
93 55
229 93
77 5
91 78
43 63
15 70
67 49
232 49
145 88
33 23
186 79
49 7
188 66
147 7
50 17
167 91
172 51
210 68
58 89
210 63
35 96
213 75
73 100
21 54
161 89
78 71
98 35
136 3
203 84
38 41
202 36
226 93
78 46
171 23
157 22
227 21
68 66
114 56
249 80
247 23
39 24
152 58
128 30
135 33
149 39
228 61
96 33
25 37
9 20
77 17
95 6
114 55
222 73
201 28
135 99
207 54
60 42
52 37
93 30
94 86
145 84
91 86
234 56
54 28
76 89
72 63
234 67
227 46
152 53
24 89
158 76
12 95
222 92
73 88
111 46
70 65
24 1
234 65
184 33
43 82
183 33
32 36
52 40
127 50
162 74
192 63
118 83
28 95
63 52
117 10
6 41
216 75
165 44
171 65
187 44
35 86
198 32
226 65
132 12
7 58
146 36
128 99
127 40
241 13
53 36
69 27
153 93
212 67
125 28
63 83
34 49
169 5
246 30
82 69
176 85
70 7
147 71
28 37
224 47
160 50
201 87
204 24
46 61
51 27
19 32
47 66
225 24
94 6
187 71
8 29
238 10
97 4
15 75
191 72
31 57
90 78
236 49
244 41
102 21
36 51
164 6
175 59
40 61
36 34
134 32
40 13
46 87
164 2
85 49
149 24
40 68
182 12
122 29
125 42
57 29
33 12
112 29
156 93
183 1
1 73
153 87
211 12
125 32
141 88
127 51
95 7
149 61
78 5
77 37
140 45
13 29
203 18
169 13
164 25
191 34
91 14
132 77
162 43
158 9
229 27
1 79
148 18
53 36
37 88
73 80
62 65
213 73
230 20
163 34
52 35
242 97
200 90
90 75
245 13
197 66
171 27
216 23
125 88
123 38
73 94
67 62
76 36
1 33
169 79
121 36
45 94
94 47
216 40
157 87
12 19
128 64
5 95
70 45
232 95
81 97
53 35
237 23
78 19
109 98
59 90
95 27
137 95
200 86
195 76
127 83
155 84
243 81
82 87
97 35
161 47
19 23
96 94
11 99
110 97
102 2
60 30
83 15
179 93
23 100
145 56
47 34
61 53
167 78
63 96
66 51
225 77
113 11
174 27
92 27
140 42
186 30
87 11
126 8
234 61
87 22
235 44
125 25
177 20
173 23
28 51
96 31
220 53
82 64
120 92
75 35
213 19
6 2
191 42
200 32
61 5
23 98
85 40
112 72
3 91
107 70
26 65
32 4
153 67
19 68
169 50
62 43
26 52
209 87
152 47
105 96
26 70
219 23
214 38
187 87
189 60
77 18
100 19
67 15
26 72
220 42
118 8
215 63
56 43
220 23
79 19
60 88
29 14
179 31
97 87
1 17
112 62
102 25
152 47
59 59
138 49
106 58
25 44
25 5
171 75
107 29
1 98
150 54
193 78
242 70
36 18
138 2
109 58
16 94
107 54
31 68
166 34
181 68
149 96
202 11
109 81
5 58
241 87
155 5
244 22
114 95
52 90
163 78
105 25
20 70
183 48
26 63
189 43
49 1
43 13
169 13
15 49
112 16
163 99
93 9
119 26
48 74
227 34
108 46
218 57
78 47
124 41
33 95
182 52
163 64
50 10
66 5
212 19
245 82
136 79
176 99
93 22
162 87
186 51
220 98
169 74
91 28
175 13
239 76
41 84
25 78
39 9
213 13
125 19
50 16
36 41
68 65
151 97
160 59
5 13
197 52
125 46
203 94
111 15
50 79
18 89
38 70
115 96
164 20
89 28
9 23
50 5
164 66
116 24
38 93
87 92
164 26
141 27
212 40
11 100
85 7
43 97
117 84
213 64
207 7
132 48
165 18
120 29
40 47
235 27
200 1
129 99
18 95
128 99
213 34
198 60
180 88
199 93
42 4
237 9
42 12
99 61
179 93
193 35
42 54
183 86
93 11
28 84
83 100
189 52
130 60
246 55
101 83
215 17
214 31
150 95
103 41
67 44
29 88
28 53
178 58
238 1
229 92
29 25
134 71
69 39
8 47
59 81
134 74
186 60
61 40
191 58
40 58
215 21
58 52
120 81
154 28
85 19
237 28
96 79
197 6
133 27
223 98
13 37
191 80
139 68
130 52
67 69
238 54
132 71
138 81
8 52
178 23
87 50
99 9
2 2
228 61
210 74
198 65
57 61
240 6
4 71
47 97
83 69
223 81
45 60
45 45
3 5
156 67
227 16
90 9
9 17
150 50
196 54
239 9
116 91
125 26
85 86
42 89
12 2
44 55
91 74
83 98
192 50
192 12
148 94
104 75
209 90
81 23
198 28
220 37
169 4
228 35
113 21
137 16
189 16
198 21
63 82
174 99
185 93
124 3
131 83
99 4
159 19
127 52
197 80
75 33
189 75
57 61
172 63
244 76
204 95
109 82
110 12
72 25
97 51
203 15
99 33
133 34
214 5
88 71
44 10
110 94
222 26
177 61
39 58
67 15
170 58
225 70
29 46
173 59
132 69
36 8
216 44
140 50
163 12
134 25
201 58
60 2
219 98
125 1
1 43
230 50
113 50
184 30
218 59
54 92
50 94
149 73
128 98
1 89
80 28
43 7
117 46
97 79
233 22
147 78
175 96
190 6
195 46
53 70
206 43
155 59
230 54
90 80
19 18
210 96
132 78
63 91
36 73
79 70
197 97
218 86
214 39
218 77
139 29
9 27
34 43
165 84
88 51
94 31
236 18
190 55
74 94
113 91
74 15
93 75
59 46
221 20
210 67
58 9
96 65
73 36
138 98
161 43
172 61
189 88
74 76
28 1
222 49
243 96
42 44
190 82
150 30
97 18
182 73
150 28
86 4
217 38
206 44
76 100
62 34
142 19
65 95
177 23
210 30
186 97
4 25
5 94
99 63
9 14
115 8
4 51
158 37
222 74
124 77
72 70
220 40
65 34
150 8
40 33
54 1
237 88
186 85
137 8
150 96
143 17
231 16
87 14
226 100
162 22
12 22
146 58
140 87
3 71
41 74
137 23
52 71
231 99
48 81
19 36
114 29
244 3
179 74
225 5
39 74
119 30
134 98
222 52
199 29
99 44
112 17
112 45
153 59
225 64
231 60
48 42
151 75
64 51
93 17
204 99
177 86
158 52
61 86
98 96
89 68
214 67
221 53
54 62
67 65
103 17
143 34
206 82
236 53
130 47
55 77
128 58
53 41
159 74
5 93
243 17
83 47
39 25
174 95
191 67
140 98
236 66
107 43
186 91
191 32
206 73
95 78
62 64
159 85
42 22
147 91
4 65
75 23
234 37
29 14
122 1
68 81
38 21
180 56
36 31
191 90
151 22
13 9
194 82
90 48
215 22
152 44
167 42
234 63
18 97
238 79
106 89
75 78
198 93
114 100
195 12
243 17
28 18
236 17
103 4
23 2
109 39
148 45
124 37
134 79
117 63
23 53
76 46
21 33
160 65
131 67
45 99
148 81
226 57
208 14
25 33
233 61
216 40
179 17
194 90
110 27
32 100
37 60
71 75
80 39
159 22
147 74
71 43
93 60
142 70
56 37
103 67
41 55
249 95
55 8
67 96
166 80
55 76
164 84
73 27
26 59
206 88
66 36
186 18
82 80
160 95
159 85
122 16
139 23
248 78
20 94
90 5
69 13
215 27
203 74
167 43
179 41
49 50
5 61
192 46
216 44
241 66
55 55
23 49
48 18
222 98
13 84
19 15
221 87
85 24
223 5
133 83
14 74
13 42
11 86
48 4
143 65
85 28
20 33
103 86
122 35
10 35
244 78
2 15
71 4
47 13
221 45
125 27
13 61
144 90
118 73
68 24
147 34
49 6
4 72
106 25
9 35
203 32
49 96
196 17
235 32
250 35
16 22
75 6
26 7
220 53
28 9
93 24
211 6
144 86
17 41
238 76
211 44
107 26
224 96
236 53
87 2
40 38
32 48
44 94
232 52
19 43
83 83
138 14
158 12
156 25
51 29
115 63
48 39
219 74
8 2
60 44
39 71
52 80
85 82
5 31
226 74
227 6
9 63
180 15
35 78
157 76
13 86
60 11
12 86
133 63
243 42
131 93
129 36
187 10
160 96
250 60
217 89
209 43
128 85
86 35
216 66
147 47
179 39
83 19
44 19
216 38
155 60
168 13
80 23
7 32
75 73
115 34
167 81
5 74
38 33
232 89
57 70
19 69
159 96
97 92
110 1
167 98
21 16
222 59
136 93
20 5
36 83
249 44
42 30
51 46
14 43
39 1
190 49
129 67
5 49
235 42
176 63
172 36
77 18
118 56
8 74
181 49
119 9
129 91
43 49
245 64
163 63
23 68
211 31
9 20
48 74
15 56
161 35
92 99
125 91
30 71
200 23
103 73
233 83
205 14
74 84
162 87
19 26
231 62
205 71
105 1
64 59
213 94
5 80
217 96
68 41
158 82
144 30
79 77
177 86
98 62
111 81
56 68
142 78
34 95
241 95
74 70
123 80
150 26
134 90
248 23
199 89
247 34
65 20
60 52
119 80
149 23
29 46
91 14
38 84
66 17
181 58
216 14
240 21
243 25
227 93
62 67
198 8
102 53
173 14
248 11
97 46
30 24
28 93
128 94
43 57
74 91
65 48
46 41
208 55
169 74
201 13
19 73
97 84
127 67
128 99
201 25
19 12
208 69
8 28
204 96
133 55
47 15
208 86
219 52
33 100
183 63
172 74
104 76
12 19
234 47
129 62
210 59
144 55
228 3
122 25
35 35
102 24
87 65
178 90
88 7
15 57
121 88
82 69
246 37
233 64
130 6
96 89
170 97
103 33
162 74
243 91
16 47
165 23
59 23
11 13
217 17
95 11
59 54
37 16
53 71
115 86
101 28
199 63
13 50
146 23
181 41
16 61
235 98
139 92
152 42
246 71
48 23
83 60
190 41
182 72
80 19
171 35
11 40
79 36
10 19
161 14
176 69
68 77
195 37
195 54
104 89
179 81
217 21
177 22
213 32
115 58
22 13
247 42
218 6
165 24
162 95
102 81
191 66
250 38
71 43
123 51
212 29
34 25
72 30
159 91
176 88
238 24
57 8
95 87
193 35
107 38
113 58
114 75
10 75
217 16
239 82
101 70
68 45
132 17
125 62
180 49
154 8
120 24
5 49
51 66
185 75
1 29
240 86
125 38
16 84
125 46
233 4
91 63
162 36
229 9
233 3
14 28
109 73
17 74
19 29
99 67
246 14
161 19
162 57
245 15
140 8
77 52
195 30
110 14
232 56
38 54
62 56
3 86
215 87
244 17
20 85
3 81
69 35
90 4
120 72
22 91
237 77
107 53
225 41
102 99
115 65
81 30
154 39
165 33
13 29
45 53
226 56
63 42
214 30
108 4
238 9
173 31
71 85
225 14
46 20
179 34
43 15
80 97
179 51
109 8
198 98
100 98
124 20
55 2
174 69
97 12
69 16
123 63
163 100
103 97
216 38
70 43
5 30
10 79
160 86
59 28
187 29
109 60
129 43
126 24
236 26
104 83
126 56
94 95
93 26
147 57
236 88
71 67
67 34
41 61
29 82
39 87
151 95
184 76
98 74
237 56
210 11
160 29
46 50
176 44
178 70
229 14
17 46
57 21
32 90
81 86
145 36
169 59
73 40
171 13
208 53
160 50
125 41
9 63
86 2
23 5
28 45
152 81
72 12
5 66
211 31
178 30
184 28
137 96
208 8
133 64
79 35
75 6
107 63
97 20
199 72
157 51
10 95
236 97
92 33
185 9
223 25
190 62
87 62
31 92
33 82
78 15
220 34
169 73
3 67
100 68
209 36
146 37
32 40
180 99
175 50
24 98
177 12
97 77
97 58
185 57
137 79
233 84
68 76
15 3
201 7
128 68
97 57
177 55
43 32
221 49
40 84
244 29
240 100
153 35
132 55
84 10
45 56
23 83
144 14
235 98
112 12
4 75
218 56
230 17
214 27
23 41
65 13
131 11
69 64
21 88
53 50
28 80
109 3
122 82
165 84
84 72
191 10
36 5
119 69
192 8
25 84
220 27
55 65
90 27
148 90
117 85
58 55
167 10
186 80
120 51
237 10
132 48
129 69
229 39
203 20
192 91
229 68
122 21
168 58
123 41
144 92
55 34
22 6
215 52
159 89
106 18
105 31
245 63
161 56
57 15
65 85
46 78
86 43
63 1
237 94
32 94
89 27
129 73
227 87
218 38
183 92
81 73
191 49
175 28
44 45
189 36
156 28
66 54
149 13
36 38
237 63
233 37
5 83
171 68
76 73
72 81
189 31
69 34
22 74
24 35
61 10
11 63
102 32
214 18
226 82
19 29
50 7
192 70
165 55
121 78
132 57
23 64
113 76
235 48
68 11
154 56
18 32
108 22
168 34
20 14
148 25
188 37
179 86
8 34
122 73
225 59
132 51
131 56
218 39
33 24
170 15
82 4
226 91
82 32
29 90
57 99
58 55
202 50
54 86
95 84
234 71
123 28
187 23
56 67
220 66
43 97
61 28
154 6
194 99
169 86
201 54
45 53
98 31
232 78
147 95
149 77
98 3
161 54
84 2
217 79
226 86
216 59
95 23
190 66
25 84
156 58
46 47
66 24
125 51
221 77
66 4
80 23
152 31
8 39
178 6
211 1
47 3
199 58
140 72
92 29
188 81
40 3
141 21
168 47
7 86
81 22
24 95
121 55
141 95
59 51
129 48
131 15
66 13
36 46
25 11
246 56
27 78
69 39
47 56
152 41
168 89
153 30
128 81
128 64
12 11
212 76
45 26
117 3
123 49
171 29
20 90
36 85
21 82
55 57
137 39
16 87
189 39
149 39
7 42
245 31
69 46
212 81
24 45
61 44
218 62
43 33
132 92
44 11
81 23
179 93
2 56
10 59
7 63
92 56
102 98
10 67
37 89
155 7
207 77
72 43
46 94
31 90
144 100
86 95
235 15
183 100
63 65
101 63
1 44
88 74
90 69
213 80
18 17
201 76
8 97
150 70
155 3
3 78
147 7
158 23
189 59
163 1
227 95
147 63
156 51
111 60
156 10
92 38
38 19
128 55
96 55
87 52
250 98
217 23
222 69
223 45
22 11
43 4
177 10
48 17
168 72
199 90
44 87
83 70
13 14
242 89
184 61
101 45
178 15
9 57
8 17
225 37
238 42
83 26
173 41
112 15
50 15
204 56
3 58
125 67
247 1
235 65
7 4
112 38
210 2
51 26
116 49
23 37
194 82
122 26
158 62
117 41
28 8
114 95
76 28
48 13
207 99
131 19
58 72
20 42
241 30
112 88
234 99
246 12
175 77
99 12
154 43
90 69
201 98
214 18
42 65
223 25
245 17
37 27
120 57
177 65
72 61
240 14
19 8
200 55
158 60
38 1
226 97
220 41
75 55
136 18
242 40
165 42
106 47
121 82
216 86
148 11
146 1
136 49
225 16
143 24
172 51
42 23
158 36
165 56
27 97
97 97
3 34
139 68
227 69
154 51
214 56
197 45
81 15
68 20
41 67
81 33
224 90
47 53
43 76
82 43
130 33
164 69
214 24
108 68
132 51
7 46
165 72
72 27
116 23
133 95
19 9
204 33
177 36
53 40
250 68
59 25
78 54
215 62
19 24
4 69
41 76
112 60
217 100
237 7
150 24
11 90
162 25
165 25
69 71
214 50
135 70
132 86
221 78
232 10
85 22
186 23
42 53
5 96
240 16
50 39
202 12
214 98
17 4
66 15
77 57
212 58
113 40
53 74
18 67
44 99
105 40
33 15
133 38
51 66
177 66
175 30
5 61
105 58
190 70
10 30
20 47
61 49
124 7
94 30
153 10
26 53
26 37
89 56
239 79
215 31
197 60
125 33
167 42
68 41
190 72
246 24
207 65
214 89
185 66
232 16
213 20
152 38
228 27
3 49
105 4
163 47
112 46
100 76
151 71
8 56
126 52
45 30
147 75
165 89
195 3
100 48
43 34
150 77
99 22
167 5
156 29
126 84
248 51
50 62
92 56
133 57
41 18
118 85
25 15
242 80
141 3
93 60
194 65
120 9
53 40
2 95
224 24
128 87
203 8
168 69
45 54
185 11
68 89
54 56
18 27
183 90
210 79
196 88
207 56
21 18
186 11
22 91
158 97
77 22
14 25
194 92
38 96
142 81
34 42
46 16
131 52
226 16
178 3
245 52
187 28
65 52
59 23
132 41
102 65
62 80
54 65
6 7
215 55
181 69
196 12
174 26
129 45
133 16
90 2
178 51
245 4
218 28
123 94
88 82
227 84
214 88
197 53
138 6
229 43
3 70
183 24
120 94
141 68
118 83
112 60
53 3
109 53
182 56
241 21
16 28
32 53
95 40
227 4
207 97
80 47
80 48
161 62
222 44
37 85
145 77
147 22
65 7
33 46
126 49
5 3
162 12
79 41
93 27
89 87
185 36
42 28
84 62
98 61
115 53
35 73
204 55
198 52
13 44
66 100
243 88
153 89
105 83
224 27
10 37
154 98
196 63
205 53
191 10
17 89
129 71
130 16
213 39
5 9
47 44
85 67
193 79
117 90
100 3
136 32
205 62
9 56
219 66
218 63
44 83
9 31
156 71
145 33
151 19
1 6
205 52
12 78
158 100
5 4
235 49
8 47
204 54
166 37
65 82
8 9
96 73
184 67
211 74
216 89
195 49
226 82
145 64
82 33
20 93
89 55
218 86
133 74
105 69
16 42
240 61
115 80
214 73
27 64
214 15
238 23
47 47
239 66
126 57
54 46
200 64
121 24
127 89
77 18
191 60
176 95
26 8
73 39
69 37
217 15
168 45
201 44
87 68
221 78
29 89
36 98
90 20
225 15
159 49
205 97
16 9
196 11
132 72
244 59
38 54
130 72
198 98
144 39
24 28
32 93
122 37
144 48
64 65
225 91
133 76
242 67
119 1
33 95
136 19
51 16
16 12
52 74
31 57
144 33
248 10
247 79
7 90
93 61
3 71
121 37
219 93
140 87
27 88
73 11
182 99
212 97
98 68
198 85
65 86
95 26
171 32
81 30
192 55
122 76
22 5
125 96
207 72
196 98
3 83
149 10
88 6
7 95
153 36
210 94
16 64
200 25
173 73
232 91
250 19
34 7
225 5
77 69
7 69
38 75
79 68
1 4
5 22
11 41
53 70
192 49
222 57
190 79
155 81
5 5
181 88
192 74
234 38
211 75
187 94
217 91
31 6
149 16
54 22
81 58
130 95
18 94
160 79
215 85
117 55
70 30
214 68
241 36
22 23
112 89
114 27
207 64
106 22
70 68
182 42
201 90
117 33
97 89
186 23
162 44
123 92
7 3
238 82
243 38
188 19
184 19
56 90
104 34
226 10
7 85
215 23
100 37
236 25
134 91
174 10
94 27
156 72
47 99
149 68
125 43
130 53
238 36
153 35
13 5
122 65
25 25
38 40
82 50
196 18
48 98
143 64
167 23
112 20
153 12
98 22
50 39
49 19
49 97
127 90
105 84
27 47
23 94
121 45
190 18
169 25
146 92
16 83
27 93
64 27
216 28
83 20
207 13
91 43
209 78
51 96
34 53
161 76
78 86
13 35
26 65
83 84
145 77
33 49
107 98
34 9
229 17
223 15
75 27
158 81
21 43
59 4
16 90
135 65
174 15
78 53
197 55
42 29
150 11
227 17
120 73
64 10
131 4
183 38
141 75
97 11
144 7
121 10
24 80
81 25
184 13
66 51
86 15
102 91
140 1
18 92
48 21
90 7
249 64
225 97
201 58
185 11
179 8
71 91
36 79
79 61
105 2
23 29
80 15
50 91
37 78
122 85
167 45
68 31
52 95
215 81
38 11
186 52
83 100
79 30
53 75
139 68
126 56
95 28
146 25
121 16
134 23
141 56
206 22
116 15
148 79
80 21
193 40
77 99
5 60
107 59
156 64
23 42
78 1
28 71
201 18
19 78
116 40
223 73
25 32
68 46
52 21
97 93
33 20
52 47
182 16
7 87
144 41
173 39
144 15
114 23
242 38
179 86
110 49
117 85
167 87
28 80
206 77
128 53
165 62
3 84
62 16
156 1
110 7
247 40
203 99
32 94
3 32
199 75
99 93
133 19
218 75
226 29
139 87
114 2
218 47
2 26
196 63
104 33
152 98
138 92
23 36
4 42
27 50
179 9
204 34
202 11
94 15
162 38
91 83
97 84
115 95
159 54
62 78
142 59
141 54
184 68
11 36
87 99
97 10
149 16
10 86
87 78
158 100
35 6
138 44
183 53
33 25
228 71
30 1
200 68
27 19
192 98
215 21
242 75
54 69
141 81
169 50
94 47
107 22
239 69
84 75
78 79
175 31
215 82
105 96
37 91
214 68
131 84
128 72
169 96
211 87
100 19
26 14
187 22
103 81
138 84
38 96
70 73
17 3
38 46
206 75
14 9
161 54
23 46
60 85
208 30
207 24
220 42
85 85
104 56
138 77
58 74
102 83
47 60
76 74
118 23
155 6
35 41
89 61
2 2
50 12
64 55
171 47
146 87
223 57
187 40
175 77
81 74
41 84
135 35
62 23
86 42
214 63
182 29
211 85
9 25
178 3
71 8
158 10
123 22
93 94
28 37
41 51
188 16
96 44
169 13
1 93
14 47
75 89
191 6
95 95
200 92
2 47
10 88
12 33
248 1
91 66
127 65
17 68
84 38
170 95
219 97
24 43
128 97
184 88
223 19
51 43
101 12
245 75
11 58
215 84
214 62
167 19
248 73
60 34
112 37
115 77
34 35
101 25
129 7
121 88
130 28
237 30
88 36
157 90
238 42
3 72
157 86
107 25
82 44
14 55
91 86
235 59
233 95
20 100
48 92
129 78
153 40
111 67
6 86
128 24
51 51
212 47
214 89
146 20
190 16
215 82
180 86
46 72
95 32
148 11
189 3
200 73
247 20
228 10
243 84
36 6
148 19
28 75
88 91
232 37
79 79
171 11
14 48
16 72
55 20
221 42
93 29
9 85
183 20
243 27
213 23
204 91
166 28
202 28
196 15
69 99
127 10
187 15
247 83
112 47
172 53
20 58
112 94
215 87
178 8
128 99
117 99
190 63
138 15
64 60
39 55
1 58
119 37
165 45
113 70
196 46
162 44
197 33
105 26
155 46
70 40
184 14
150 80
249 66
231 72
47 38
101 73
128 99
214 79
75 97
67 62
168 77
184 29
215 90
186 57
186 22
158 28
99 42
44 33
87 9
8 75
184 99
142 2
245 29
245 70
233 48
105 47
54 42
234 59
138 90
28 86
62 76
42 31
71 97
57 32
141 60
185 87
70 100
215 10
131 20
205 100
59 81
246 81
186 11
236 76
112 79
44 18
18 23
53 66
202 2
204 19
47 45
156 26
150 42
128 36
248 4
207 78
33 96
17 59
22 7
249 6
116 76
224 61
24 11
125 37
123 29
77 71
140 26
170 26
186 65
230 90
21 42
6 100
239 34
3 43
40 86
246 94
226 49
241 23
248 80
99 32
98 27
201 40
4 54
133 12
37 59
146 50
110 22
68 45
90 82
29 67
130 1
85 40
67 75
133 52
56 35
244 58
208 19
216 73
138 9
126 92
144 90
237 29
87 62
158 19
82 4
211 68
202 59
34 64
149 41
177 63
12 39
181 45
115 78
234 28
24 100
104 29
51 69
176 47
62 72
41 8
43 13
170 86
61 37
20 37
65 16
137 77
200 53
227 39
64 18
154 95
129 98
160 73
131 53
141 24
39 27
48 85
151 28
88 60
11 65
73 52
183 10
122 50
98 27
34 9
165 1
119 35
97 67
83 22
72 9
101 51
6 27
206 14
148 49
119 8
94 9
166 54
29 49
195 74
204 12
215 11
60 99
113 12
24 68
33 69
102 95
230 25
78 76
61 78
172 9
9 58
77 59
230 75
5 1
72 16
150 38
220 34
18 25
241 89
159 27
167 61
95 29
122 70
4 60
104 29
20 91
195 81
176 21
167 28
134 50
53 41
119 26
42 26
116 99
145 61
152 13
82 45
206 4
224 94
149 46
223 44
38 4
227 52
65 34
227 23
158 36
206 29
33 23
133 94
2 67
129 30
92 7
93 78
81 16
233 88
57 13
57 35
190 38
38 20
70 70
35 56
4 43
142 72
196 53
236 9
2 62
156 96
179 44
8 1
195 67
139 81
235 97
152 2
8 31
105 2
234 94
65 43
232 62
247 34
107 69
200 33
99 59
197 59
64 89
9 37
124 43
244 6
193 67
211 28
103 98
142 16
45 1
201 52
183 1
164 14
214 86
84 8
89 46
13 90
77 100
181 36
43 35
30 60
85 17
60 86
187 100
172 18
246 15
236 74
66 44
59 49
199 45
249 99
65 24
105 30
69 31
5 60
158 20
95 86
104 38
221 68
90 8
225 70
224 53
84 83
169 84
121 43
211 17
53 58
39 100
14 59
32 98
133 63
94 45
240 55
66 79
65 82
134 70
124 99
133 94
120 41
98 28
83 8
58 66
207 89
19 98
93 89
232 75
73 83
219 74
93 78
78 54
109 96
99 14
161 36
61 79
21 97
73 96
182 88
71 88
46 16
145 51
164 72
111 36
10 76
74 47
37 4
176 38
77 58
239 13
223 86
76 42
228 19
150 49
199 99
11 36
97 50
161 38
72 59
81 13
36 56
207 17
195 81
95 31
31 39
212 86
187 21
180 81
216 26
178 62
152 24
84 93
28 53
122 47
241 44
16 64
114 22
73 79
16 97
33 66
210 96
241 26
167 12
106 87
188 27
142 19
100 20
1 71
131 11
148 47
66 49
242 15
134 53
172 10
207 7
158 34
242 73
146 7
122 9
35 49
203 19